33,27,67,97,92,32,93
26,11,53,72,61,92,17,77,37
63,95,74,83,33,79,56,28,89
89,26,32,39,61,71,19
41,26,61,19,57,64,53
96,43,78,17,63,81,54,64,72,53,35
81,38,59,43,18,83,88,29,79,56,27,66,67,41,42
17,55,97,71,77,37,78,94,39,89,44,42,35,32,19
32,33,92,39,42,37,61,98,17,66,41,79,67,35,26,29,34,89,93,55,27
66,55,26,93,78,72,44
92,55,37,32,35,17,61,93,71,94,19,57,64,53,11
59,43,18,74,83,88,33,29,34,79,67,89,41,42,92,37,98
67,98,26,35,17,93,94
32,39,35,78,19,77,63,38,91
96,44,77,57,63,54,81,47,43,18,88,33,29
47,54,63,83,43,88,96,94,81,33,57
26,32,27,17,94,41,66
95,74,83,34,79,56,28,27,66,97,41,42,55,37,98,32,39
26,32,93,78,96,44,63,47,38
95,74,83,88,33,29,34,79,56,28,27,66,67,89,97,41,42,92,55,37,26,32,39
77,28,91,38,11,64,34
96,91,47,74,53,43,34,38,81,54,44,77,95,19,64
83,18,89,43,28,95,34,41,97,79,98,27,67,92,37,66,74,42,29,56,88,55,26
39,61,35,96,17,92,66,32,72,67,89,71,97,78,42,93,98,26,94,41,37
19,77,97,78,37,64,98,92,96,61,17,71,72,26,93,94,55,57,39
81,47,38,91,59,43,18,95,74,83,88,33,29,34,56,28,27,66,67,89,97,41,42
64,53,63,81,43,18,95,74,29,34,66
71,42,98,17,37,97,96,55,89,39,78,35,66,19,44,92,94,32,72,41,93,26,61
79,34,37,28,66,97,32,26,42,71,92,55,39
57,11,81,47,38,91,59,43,18,83,88,34,79,28,27
56,34,35,66,28,32,55,42,98,97,92,17,37,41,29,39,79,88,26,61,27
53,27,63,95,29,38,67
29,34,56,66,67,97,41,55,37,98,26,32,61
61,64,53,71,37,19,39,72,42,78,26,57,92
33,29,79,41,39,35,17,61,93
35,74,83,55,89,41,66,32,79,56,88,92,27,34,29,97,33
35,44,77,53,63,17,11,71,43
28,27,66,67,97,55,37,32,39,35,17,61,78,94,19
33,29,56,28,66,67,89,97,41,42,92,55,98,26,32,39,35,17,93
98,32,39,78,71,19,96,57,53,63,11,81,47
55,37,32,17,78,71,72,19,63
71,97,17,92,67,93,27,56,78,41,61,79,28,42,34,39,66,37,35,26,98,89,32
55,92,56,67,29,38,33
35,17,61,93,78,71,94,72,19,96,44,77,64,53,11,54,81,47,38,91,43
95,83,88,33,29,79,67,89,92,55,37,26,32
88,33,29,79,27,66,41,42,55,37,26,32,61
96,26,71,41,53,42,94,19,77
32,29,79,42,39
92,55,37,98,26,32,39,35,17,61,93,78,71,94,72,19,44,77,57,64,53,63,11
67,97,42,55,98,26,32,39,35,61,93,78,19,96,77
43,88,33,29,34,79,28,27,66,89,97,41,92
72,98,67,89,92,77,26
54,91,59,74,88,34,28
88,77,19,95,53
39,61,93,78,71,94,19,96,44,77,57,64,53,63,11,54,81,47,91
19,44,77,57,64,11,81,38,91,43,88,33,34
74,42,29,59,34,41,97,66,38,83,56,89,79,28,18
53,63,11,54,47,38,59,43,18,95,74,29,34,79,27
37,98,32,35,17,93,71,19,44,53,63,11,81
38,91,59,43,18,95,74,83,88,33,34,79,56,28,27,66,67,89,97,41,42,92,55
77,57,64,53,63,11,81,38,91,59,43,18,74,83,88,29,34,56,28
54,81,47,59,43,95,74,83,88,33,29,34,79,67,89,97,41
93,19,44,57,64,53,63,47,38,91,18,95,74
59,43,18,74,83,88,33,79,56,28,27,66,67,89,97,41,42,92,55,37,98
97,41,78,67,71,27,92,94,61,17,26,96,93,37,98
61,78,77,53,63,11,54,47,59,18,95
28,27,66,67,89,97,41,92,55,37,98,32,39,35,61,93,78,71,94,72,19
11,81,59,18,95,34,97
26,35,19,77,54,47,38
59,33,18,91,88,97,28,41,43,74,54
81,38,43,18,95,74,83,88,29,34,79,56,28,27,66,67,89
57,53,47,59,74,88,56,28,27
17,61,93,78,94,72,19,96,44,77,57,64,53,11,81,47,91,43,18
98,26,39,35,17,61,71,94,72,19,96,77,57,64,53,63,54,81,47
38,91,59,18,29,79,27,66,89,97,41
44,64,33,95,94,72,54
18,74,27,89,92,98,32
53,64,11,93,38,43,72,47,71,54,94,81,77,91,95,19,63
57,64,81,47,38,91,95,74,33,34,27
78,61,66,27,56
42,55,37,98,26,32,39,17,61,93,78,94,72,19,44,77,57,64,63
19,18,47,59,64,54,74,72,78,57,91,43,96,94,95,77,71,53,11,38,81
53,54,47,83,34,56,67
29,95,74,54,38,88,83,27,59,28,91,33,66,43,11,53,34,56,64
26,28,71,97,92,32,56,67,61,72,89,55,39,27,98,17,35,37,93,78,66,41,42
42,55,37,98,26,32,39,35,17,61,93,71,94,72,19,77,64,53,63
39,93,94,72,44,64,47,91,59
72,19,96,57,64,11,54,81,38,91,18,83,88,33,29
33,29,34,79,56,28,27,67,89,97,41,92,37,98,26,32,17,61,93
64,53,63,54,81,47,38,91,43,18,74,83,33,29,79,56,28
47,34,81,56,88,91,57,29,77,28,74
56,92,37,93,78,71,72
96,32,72,57,93,71,19,81,37
91,43,18,95,74,88,29,34,56,28,27,67,89,97,41,42,92,55,37
38,43,18,95,33,29,34,79,56,28,27,66,97,42,55
72,19,96,57,53,11,81,38,91,59,43,95,74,88,29
79,56,28,27,67,89,97,41,92,37,98,39,17,93,94
19,39,97,72,35,92,93,17,37,64,61,41,94
54,81,47,38,91,59,43,18,95,74,83,88,33,29,34,79,66,67,89,97,41
81,47,38,95,74,83,88,33,29,34,79,56,28,66,67,89,97,41,42
53,71,95,38,59,83,77,78,47
44,83,63,74,29,19,47,72,88,54,81,53,43,96,95,59,33,11,57
77,64,11,54,47,91,43,95,74,83,33
64,61,35,63,98,72,55,44,57
67,18,88,98,55,41,97
91,59,43,18,95,74,83,88,33,29,34,79,56,28,27,66,67,89,97,41,42,55,37
32,35,17,61,19
83,33,29,28,27,67,37,98,17
74,89,28,27,83,92,79,59,41,56,95,18,38,34,97,42,29,67,47,33,91
95,74,83,88,33,29,79,28,27,66,67,89,97,41,42,92,55,37,26,32,39
47,26,19,11,57,61,81,94,78,39,72,38,77,63,17,53,64
33,11,34,19,44,77,83
81,38,91,59,18,95,83,88,33,29,34,79,56,28,27,66,67,89,97
55,98,39,35,17,93,78,94,19,77,64,53,63,11,54
28,17,35,32,42,97,71
19,94,61,96,67,41,44,97,42,26,71,72,39,37,35
63,83,38,77,59,53,57,28,18,64,56
77,64,53,63,54,81,38,91,59,95,74,83,88,33,34,56,28
28,66,89,97,92,37,98,39,35,17,93,71,19
39,32,29,95,33,37,28,27,26,66,89
94,72,44,77,57,64,53,11,38,59,43,18,74,83,33
57,64,63,11,81,38,91,59,43,18,95,74,83,88,33,29,34,79,56,28,27
55,98,26,35,17,61,93,71,94,19,44,77,57,64,53,63,54
61,72,63,53,64,71,96,44,38,93,57,94,17,26,19,54,47
96,44,53,81,59,43,95
33,11,77,81,96,47,38,91,43,83,57,44,29,54,63,19,88,53,18,59,74,64,72
47,95,83,66,89
37,98,26,32,39,61,93,78,71,94,72,19,96,44,77,57,64,63,11,54,81
63,18,95,79,33,81,44,77,88,59,29,74,47,11,34,56,43,53,57
29,95,33,59,64,18,81,53,28,43,63,34,56,74,91,54,57,11,47,83,27,79,38
91,43,95,88,56,66,67,89,97,92,55
35,61,93,71,94,72,19,96,57,64,53,63,81,47,91,59,43
28,66,55,98,26,39,17,61,78,71,94
74,28,81,97,47,59,88,38,67,18,34,54,11,79,95,89,91
78,97,55,19,37,27,93,39,94,98,32,35,42,28,89,92,72
71,94,72,96,44,77,57,64,53,63,11,91,59,18,95,83,88
95,74,33,34,79,28,89,41,39
71,94,96,57,63
28,18,92,29,26,67,97,32,74,27,89
56,27,66,67,89,97,42,92,55,37,26,32,35,17,61,93,78,94,72
47,95,96,54,63,77,29,88,18,91,74,83,81,57,59,38,64,34,44,33,79
53,63,11,54,81,47,38,91,59,43,18,88,79,56,28,66,67
44,77,53,63,11,81,47,38,91,59,43,18,95,74,83,88,33,29,34,79,56
63,11,81,18,74,28,89
34,56,66,89,42,92,17,61,71
79,74,43,38,27,55,29
96,78,11,81,83,77,71
57,77,11,44,38,34,53,88,47,91,56
74,29,34,79,56,28,66,67,89,41,42,92,55,37,98,26,32,39,35
63,47,81,17,53,72,94,39,35,64,77,61,93,78,11,98,57
96,44,77,57,64,53,63,11,54,81,38,91,59,43,18,95,74,83,88,33,29,34,79
67,89,97,41,42,92,55,37,98,26,32,39,35,17,61,93,71,94,72,19,96,44,77
19,44,77,53,81,47,38,91,43,18,95,74,83,88,29
94,96,93,63,57,81,95,78,44,53,11,77,71,54,43,64,19,91,59,47,74,72,38
56,28,27,97,41,42,37,26,32,39,35,17,61,93,78
17,93,78,94,72,53,11,43,18
29,54,18,59,63,34,38,74,83,28,57,95,77,79,81,47,91
66,92,55,26,17,72,44
28,61,92,97,56,29,67,27,78,98,55,26,42,79,17,41,39,89,34
95,74,83,33,29,34,79,56,67,89,41,42,92,55,98,32,39
67,89,92,55,98,32,17,78,71
71,72,44,77,63,54,47,38,59,43,18,74,88
35,17,61,93,78,71,94,72,96,44,77,57,64,53,63,11,54,81,47,38,91,59,43
17,71,19,44,77
18,64,47,59,72,93,94,95,57,54,38,81,91,44,63,53,78,61,71,43,11
83,56,98,95,55,28,97,59,34,27,18,79,43,74,37
78,57,44,61,39,59,38,63,17,81,72
64,18,95,74,88,34,66
66,67,37,98,61
64,47,38,91,59,43,74,88,34,28,66
71,94,72,19,96,44,77,53,63,54,47,38,59,43,18,95,74,83,88
47,38,59,43,18,95,74,83,88,33,29,34,79,56,28,27,66,67,89,97,41,42,92
97,41,92,26,61,93,71,94,19,44,64
41,55,53,61,44,42,39,77,37,98,72,92,94
19,59,74,78,47,71,94,95,38,91,53,93,64,11,57,43,44
78,71,19,44,77,57,64,63,11,54,81,47,38,91,43,74,83
17,66,27,88,28,35,56,33,67,32,92,89,34,37,41,26,83,29,79,42,97,98,39
39,42,32,17,92,27,98,55,41,71,67,96,35
26,32,35,17,61,93,78,72,19,96,44,77,57,64,53,63,11,54,81,47,38
44,11,93,43,74,53,91,54,95,64,63,81,96
42,18,83,88,27
39,17,93,44,57,64,63,81,59
89,98,17,78,19,96,57
55,98,89,71,93,42,35,92,79,61,37,66,97,78,39,26,34
53,63,11,54,81,47,38,91,59,43,95,74,83,88,33,29,34,79,56,28,27,66,67
96,42,17,35,92,44,89,55,94,57,61
79,64,96,63,54,47,83,88,18,43,74,44,59
39,35,41,61,97,42,37
56,28,97,42,92,37,26,17,78
27,55,18,88,74,38,56,67,91,83,42,79,41,43,28,66,92
42,92,26,61,93,72,19
44,77,53,63,11,54,47,38,91,43,18,95,83,88,34
32,39,35,17,61,93,78,71,94,72,19,96,44,77,57,53,63,11,54,81,47,38,91
53,83,29,33,63,34,27,56,79,81,47
44,93,89,32,61,92,94,26,66,42,55,78,96,97,17
92,55,98,61,94,96,77,57,53,63,11
42,88,92,89,74,27,98,28,33,41,83,18,66,79,97,43,55,59,34,37,29,56,95
44,77,57,53,63,54,43,18,95,88,34
41,93,26,42,39,35,97
18,64,74,88,96,59,81,38,95,83,77
56,28,27,67,89,97,41,42,92,55,37,98,39,35,17,61,93,78,71,94,72
98,39,55,19,78,67,27,96,72,37,66
